1.281035999999999930e+01 7.310366999999999560e-02 1.403917999999999999e+01 1.266504799219783273e+01 1.285935999999999968e+00 8.350890502318449871e-01 1.000000000000000000e+00
1.297030999999999956e+01 3.495862000000000136e-01 1.414960999999999913e+01 1.261059978833793238e+01 1.283171000000000062e+00 1.000000000000000000e+00 1.000000000000000000e+00
1.299250999999999934e+01 4.140484999999999860e-01 1.413513999999999982e+01 1.278181538373013204e+01 1.125502999999999920e+00 1.000000000000000000e+00 1.000000000000000000e+00
1.291333999999999982e+01 2.981231999999999771e-01 1.410678000000000054e+01 1.268801204320989839e+01 1.154973999999999945e+00 9.602728294374369700e-01 1.000000000000000000e+00
1.280334000000000039e+01 1.199833000000000011e-01 1.404726999999999926e+01 1.237306284383439525e+01 1.309727000000000086e+00 8.043987096516513891e-01 1.000000000000000000e+00
1.299745000000000061e+01 4.441138000000000030e-01 1.411668000000000056e+01 1.238690528135878210e+01 1.316483999999999988e+00 1.000000000000000000e+00 1.000000000000000000e+00
1.295501999999999931e+01 3.865149999999999975e-01 1.408977999999999930e+01 1.272520076582810589e+01 1.211584999999999912e+00 9.783332837565115181e-01 1.000000000000000000e+00
1.286580000000000013e+01 3.004179000000000155e-01 1.404959000000000024e+01 1.253937011282403802e+01 1.277296999999999905e+00 8.444603909849045520e-01 1.000000000000000000e+00
1.294945000000000057e+01 3.521545999999999843e-01 1.414757999999999960e+01 1.237750181641025193e+01 1.209845999999999977e+00 1.000000000000000000e+00 1.000000000000000000e+00
1.295297000000000054e+01 3.594010999999999734e-01 1.412697000000000003e+01 1.254256163537873370e+01 1.314607999999999999e+00 1.000000000000000000e+00 1.000000000000000000e+00
1.282779000000000025e+01 1.657318999999999876e-01 1.402096000000000053e+01 1.261775196249167408e+01 1.310318000000000094e+00 8.394765498177098051e-01 1.000000000000000000e+00
1.288663999999999987e+01 2.216822999999999988e-01 1.409843000000000046e+01 1.253294165992888232e+01 1.263768000000000002e+00 9.527713484842820213e-01 1.000000000000000000e+00
1.285904999999999987e+01 2.732550999999999730e-01 1.401956999999999987e+01 1.279457288402292470e+01 1.255602000000000107e+00 8.525935886955074983e-01 1.000000000000000000e+00
1.287457000000000029e+01 2.704077999999999760e-01 1.405152999999999963e+01 1.274751882153325155e+01 1.254947999999999952e+00 8.917615063752853954e-01 1.000000000000000000e+00
1.292557000000000045e+01 3.434443999999999830e-01 1.409112000000000009e+01 1.233003594947758863e+01 1.292200000000000015e+00 9.448472458435513976e-01 1.000000000000000000e+00
1.299573000000000000e+01 4.015033000000000074e-01 1.417989000000000033e+01 1.262951164064730847e+01 1.157815999999999956e+00 1.000000000000000000e+00 1.000000000000000000e+00
1.280147999999999975e+01 1.435298999999999880e-01 1.402749000000000024e+01 1.249559719899927757e+01 1.253659999999999997e+00 7.889675760459006204e-01 1.000000000000000000e+00
1.292840999999999951e+01 3.248254999999999892e-01 1.413664999999999949e+01 1.266443444343805425e+01 1.114055999999999935e+00 9.746564559519611537e-01 1.000000000000000000e+00
1.288808000000000042e+01 2.587190999999999796e-01 1.409459999999999980e+01 1.262655335293723624e+01 1.190725999999999951e+00 9.287294225184357099e-01 1.000000000000000000e+00
1.294347999999999921e+01 3.494488000000000039e-01 1.410490000000000066e+01 1.261971594218294079e+01 1.279708000000000068e+00 9.929967479368753125e-01 1.000000000000000000e+00
1.288081999999999994e+01 2.869300000000000184e-01 1.407485999999999926e+01 1.262359295603835285e+01 1.221314999999999928e+00 8.906654373213643838e-01 1.000000000000000000e+00
1.291644999999999932e+01 3.427658000000000094e-01 1.406168000000000085e+01 1.286107488030767598e+01 1.169839999999999991e+00 9.306217785817493260e-01 1.000000000000000000e+00
1.286262999999999934e+01 1.310916000000000026e-01 1.411037999999999926e+01 1.264276433695294699e+01 1.227586000000000066e+00 9.445646102087539298e-01 1.000000000000000000e+00
1.283031000000000077e+01 2.129736000000000129e-01 1.402931000000000061e+01 1.262940465539120893e+01 1.219325999999999910e+00 8.203127744930603926e-01 1.000000000000000000e+00
1.289996999999999971e+01 2.692421999999999871e-01 1.409773000000000032e+01 1.268870039745581124e+01 1.221465000000000023e+00 9.550612600016714637e-01 1.000000000000000000e+00
1.287190000000000012e+01 2.535529999999999728e-01 1.410468999999999973e+01 1.236121119367071941e+01 1.232142999999999988e+00 8.932647037487125852e-01 1.000000000000000000e+00
1.297685000000000066e+01 4.246806000000000192e-01 1.411044000000000054e+01 1.263909279303196698e+01 1.247986999999999957e+00 9.912159114092516932e-01 1.000000000000000000e+00
1.293796999999999997e+01 3.338770999999999822e-01 1.413315000000000055e+01 1.248942499965018449e+01 1.307218999999999909e+00 9.994931330324172691e-01 1.000000000000000000e+00
1.286820999999999948e+01 1.978374999999999995e-01 1.407151999999999958e+01 1.267972247100565042e+01 1.318926000000000043e+00 9.271828139309251648e-01 1.000000000000000000e+00
1.292460999999999949e+01 3.470446999999999838e-01 1.408175999999999917e+01 1.265309583617103151e+01 1.315426999999999902e+00 9.485127061848370733e-01 1.000000000000000000e+00
1.290049999999999919e+01 3.318442999999999810e-01 1.405103000000000080e+01 1.270938687891410268e+01 1.320298999999999889e+00 9.030424377973936823e-01 1.000000000000000000e+00
1.281695000000000029e+01 8.338357999999999881e-02 1.404198000000000057e+01 1.271863205891576420e+01 1.249403000000000041e+00 8.475950373750407163e-01 1.000000000000000000e+00
1.282301000000000002e+01 2.280918000000000112e-01 1.402876999999999974e+01 1.254028937870054961e+01 1.289482999999999935e+00 7.996102864651943865e-01 1.000000000000000000e+00
1.293584000000000067e+01 3.404609000000000107e-01 1.408087000000000089e+01 1.286104623866279795e+01 1.248205000000000009e+00 9.876696454884927867e-01 1.000000000000000000e+00
1.288335999999999970e+01 2.239316000000000084e-01 1.411265000000000036e+01 1.260107933758620646e+01 1.253325999999999940e+00 9.489370991000009026e-01 1.000000000000000000e+00
1.297348999999999997e+01 3.616025999999999962e-01 1.414512999999999998e+01 1.260171611574457806e+01 1.311747999999999914e+00 1.000000000000000000e+00 1.000000000000000000e+00
1.283637000000000050e+01 1.262745999999999869e-01 1.409252000000000038e+01 1.240110197260942115e+01 1.281563000000000008e+00 8.793320918872866709e-01 1.000000000000000000e+00
1.288488000000000078e+01 3.102391999999999928e-01 1.405714000000000041e+01 1.246286716441306375e+01 1.255149000000000070e+00 8.746098667821945449e-01 1.000000000000000000e+00
1.281564999999999976e+01 4.441048000000000218e-02 1.406304000000000087e+01 1.257572830441817047e+01 1.256318000000000046e+00 8.493677502243519584e-01 1.000000000000000000e+00
1.287796999999999947e+01 2.361070999999999864e-01 1.407612999999999914e+01 1.257649479809173343e+01 1.338726000000000083e+00 9.254814514982627749e-01 1.000000000000000000e+00
1.290231999999999957e+01 3.195939999999999892e-01 1.408188999999999957e+01 1.246280338694765177e+01 1.248944000000000054e+00 9.105969001468494639e-01 1.000000000000000000e+00
1.295870999999999995e+01 3.717820000000000014e-01 1.413463999999999920e+01 1.223992205062208605e+01 1.319855000000000000e+00 1.000000000000000000e+00 1.000000000000000000e+00
1.284754000000000040e+01 2.160102000000000133e-01 1.403081000000000067e+01 1.273836689721627202e+01 1.232040000000000024e+00 8.604465099075678802e-01 1.000000000000000000e+00
1.289817999999999998e+01 2.708403999999999812e-01 1.406685000000000052e+01 1.279216301284018620e+01 1.220974000000000004e+00 9.481832610768863301e-01 1.000000000000000000e+00
1.285186999999999991e+01 2.495902000000000120e-01 1.405400999999999989e+01 1.226273256596726924e+01 1.396733999999999920e+00 8.509232161466743216e-01 1.000000000000000000e+00
1.284783999999999970e+01 2.176533999999999969e-01 1.406756000000000029e+01 1.263120816714080519e+01 1.227646000000000015e+00 8.627906158358346067e-01 1.000000000000000000e+00
1.295105000000000040e+01 3.792041999999999913e-01 1.411998999999999960e+01 1.273824705490926945e+01 1.108654000000000028e+00 9.754205846358445786e-01 1.000000000000000000e+00
1.290873999999999988e+01 2.807297000000000264e-01 1.411919999999999931e+01 1.255120085988595946e+01 1.232053000000000065e+00 9.671797019461182421e-01 1.000000000000000000e+00
1.285468000000000011e+01 1.642069999999999919e-01 1.410567999999999955e+01 1.252644942563194519e+01 1.259416000000000091e+00 9.103899185871089372e-01 1.000000000000000000e+00
1.288991000000000042e+01 2.750921000000000061e-01 1.406776999999999944e+01 1.259902589482749669e+01 1.301385999999999932e+00 9.223970077690910596e-01 1.000000000000000000e+00
1.294365999999999950e+01 3.817999999999999727e-01 1.409787999999999997e+01 1.263014057448745220e+01 1.241686999999999985e+00 9.562895794037129527e-01 1.000000000000000000e+00
1.298113000000000028e+01 4.046399999999999997e-01 1.414687999999999946e+01 1.270389739822210018e+01 1.116579999999999906e+00 1.000000000000000000e+00 1.000000000000000000e+00
1.292285000000000039e+01 3.329330999999999818e-01 1.409033999999999942e+01 1.237037005099080034e+01 1.307698000000000027e+00 9.500662094579541694e-01 1.000000000000000000e+00
1.278944000000000081e+01 1.300817999999999974e-01 1.400948999999999955e+01 1.243461881935527735e+01 1.291738000000000053e+00 7.670773498977794258e-01 1.000000000000000000e+00
1.280677000000000021e+01 2.129471000000000003e-01 1.399569999999999936e+01 1.260611578853001724e+01 1.290780999999999956e+00 7.714739577174128948e-01 1.000000000000000000e+00
1.295771000000000051e+01 3.429921000000000220e-01 1.411510999999999960e+01 1.278164911878087651e+01 1.188487999999999989e+00 1.000000000000000000e+00 1.000000000000000000e+00
1.283153000000000077e+01 1.882832999999999868e-01 1.402580000000000027e+01 1.267459058390066495e+01 1.310435000000000016e+00 8.413284253158299641e-01 1.000000000000000000e+00
1.288532999999999973e+01 2.561034999999999839e-01 1.409052999999999933e+01 1.282711325366188859e+01 1.114776999999999907e+00 9.283829591920692570e-01 1.000000000000000000e+00
1.290302999999999933e+01 2.272061999999999971e-01 1.411565000000000047e+01 1.264980084788717285e+01 1.244917000000000051e+00 9.961910027325774353e-01 1.000000000000000000e+00
1.284551000000000087e+01 1.739632000000000123e-01 1.405677999999999983e+01 1.262292746936903853e+01 1.225481999999999960e+00 8.757781019920487520e-01 1.000000000000000000e+00
1.299327000000000076e+01 4.293611999999999984e-01 1.412542000000000009e+01 1.268535319362459290e+01 1.270176999999999889e+00 1.000000000000000000e+00 1.000000000000000000e+00
1.280943000000000076e+01 2.127371999999999874e-01 1.401225999999999949e+01 1.244876615353279625e+01 1.287201000000000040e+00 7.746124771516352814e-01 1.000000000000000000e+00
1.285272999999999932e+01 2.195973999999999982e-01 1.404495999999999967e+01 1.276881055803650256e+01 1.167513000000000023e+00 8.698388602936025782e-01 1.000000000000000000e+00
1.298920999999999992e+01 4.173906000000000005e-01 1.414034999999999975e+01 1.279385134206474106e+01 1.093220999999999998e+00 1.000000000000000000e+00 1.000000000000000000e+00
1.292137999999999920e+01 3.147210999999999759e-01 1.409812999999999938e+01 1.259757576005054425e+01 1.321102999999999916e+00 9.726544239736577557e-01 1.000000000000000000e+00
1.285359000000000052e+01 1.501636000000000082e-01 1.407128999999999941e+01 1.258768078322760431e+01 1.318851999999999913e+00 9.121604044326588889e-01 1.000000000000000000e+00
1.292638999999999960e+01 3.461436999999999986e-01 1.408758000000000088e+01 1.277267254349756698e+01 1.255586000000000091e+00 9.565840556979745557e-01 1.000000000000000000e+00
1.294702999999999982e+01 3.486375999999999920e-01 1.411974000000000018e+01 1.270124504496263995e+01 1.277679999999999927e+00 1.000000000000000000e+00 1.000000000000000000e+00
1.299776999999999916e+01 4.265653999999999835e-01 1.411608999999999980e+01 1.286983905532738781e+01 1.178304999999999936e+00 1.000000000000000000e+00 1.000000000000000000e+00
1.293952999999999953e+01 3.878126000000000073e-01 1.407795999999999914e+01 1.276809967762877918e+01 1.223608000000000029e+00 9.410886902661543818e-01 1.000000000000000000e+00
1.287613999999999947e+01 2.354285999999999879e-01 1.408840999999999966e+01 1.278746335503828746e+01 1.144333999999999962e+00 9.203979191178482955e-01 1.000000000000000000e+00
1.298113000000000028e+01 4.046399999999999997e-01 1.414687999999999946e+01 1.270389739822210018e+01 1.116579999999999906e+00 1.000000000000000000e+00 1.000000000000000000e+00
1.300061000000000000e+01 4.090439000000000158e-01 1.415290000000000070e+01 1.249989682505473532e+01 1.233287000000000022e+00 1.000000000000000000e+00 1.000000000000000000e+00
1.281348999999999982e+01 7.071104999999999752e-02 1.405602999999999980e+01 1.249970410147563094e+01 1.253154000000000101e+00 8.367832225916158606e-01 1.000000000000000000e+00
1.291714999999999947e+01 3.219835999999999809e-01 1.409143000000000079e+01 1.267362879061628078e+01 1.223872000000000071e+00 9.506591684930967290e-01 1.000000000000000000e+00
1.286407999999999952e+01 1.438326000000000049e-01 1.412031999999999954e+01 1.266087905367458433e+01 1.203832999999999931e+00 9.442283537380243841e-01 1.000000000000000000e+00
1.287276999999999916e+01 2.545261999999999802e-01 1.405996000000000024e+01 1.276812850222021645e+01 1.181950999999999974e+00 8.964387649670169100e-01 1.000000000000000000e+00
1.293473999999999968e+01 3.927957000000000254e-01 1.405494999999999983e+01 1.257312291666688076e+01 1.266205999999999943e+00 9.138314222841514844e-01 1.000000000000000000e+00
1.283553999999999995e+01 1.060692000000000024e-01 1.405945999999999962e+01 1.269418864416577719e+01 1.218355999999999995e+00 8.817168220143650759e-01 1.000000000000000000e+00
1.290517000000000003e+01 2.906289000000000233e-01 1.411050999999999966e+01 1.237281938749222476e+01 1.277968999999999911e+00 9.475316350407873012e-01 1.000000000000000000e+00
1.296660999999999930e+01 3.858671000000000184e-01 1.410474999999999923e+01 1.273340387743368751e+01 1.231549999999999923e+00 1.000000000000000000e+00 1.000000000000000000e+00
1.280879999999999974e+01 9.291871999999999632e-02 1.402429000000000059e+01 1.260094210861266184e+01 1.273728999999999889e+00 8.210945519045236285e-01 1.000000000000000000e+00
1.299666999999999994e+01 4.227060999999999735e-01 1.411961999999999939e+01 1.273615618896666746e+01 1.159450000000000092e+00 1.000000000000000000e+00 1.000000000000000000e+00
1.288091999999999970e+01 2.920745000000000147e-01 1.407545000000000002e+01 1.205008579433422256e+01 1.350298999999999916e+00 8.835350663380507896e-01 1.000000000000000000e+00
1.292343999999999937e+01 3.711670000000000247e-01 1.404160000000000075e+01 1.278666504360861467e+01 1.237317000000000000e+00 9.149844260459613077e-01 1.000000000000000000e+00
1.294610999999999912e+01 3.376611999999999947e-01 1.415517999999999965e+01 1.224358446080077556e+01 1.265004999999999935e+00 1.000000000000000000e+00 1.000000000000000000e+00
1.281906000000000034e+01 4.403394000000000058e-02 1.405505999999999922e+01 1.257791839673424406e+01 1.250283000000000033e+00 8.542357480445716966e-01 1.000000000000000000e+00
1.292948999999999948e+01 3.267612999999999768e-01 1.409656000000000020e+01 1.283337223137937677e+01 1.188892999999999978e+00 9.830217283848906584e-01 1.000000000000000000e+00
1.280463999999999913e+01 1.451246999999999954e-01 1.402417999999999942e+01 1.260084953918330442e+01 1.229381999999999975e+00 7.960111119178708838e-01 1.000000000000000000e+00
1.288756000000000057e+01 2.760396999999999990e-01 1.406742999999999988e+01 1.280947032649518214e+01 1.143901999999999974e+00 9.157073789951668541e-01 1.000000000000000000e+00
1.288105000000000011e+01 3.209628999999999954e-01 1.405822000000000038e+01 1.215466602936445462e+01 1.318864999999999954e+00 8.568050196995709022e-01 1.000000000000000000e+00
1.284586000000000006e+01 2.203134999999999954e-01 1.406192000000000064e+01 1.213286942760835174e+01 1.314877000000000073e+00 8.495423959908983136e-01 1.000000000000000000e+00
1.282110999999999912e+01 6.378311999999999871e-02 1.406164000000000058e+01 1.268935428004681221e+01 1.208677999999999919e+00 8.594701889032262399e-01 1.000000000000000000e+00
1.279273000000000060e+01 1.071011000000000046e-01 1.401637999999999984e+01 1.235772739800410491e+01 1.365164000000000044e+00 7.831795764822738759e-01 1.000000000000000000e+00
1.288100999999999985e+01 2.248825999999999881e-01 1.411753999999999998e+01 1.260667322972544824e+01 1.204364999999999908e+00 9.400389092285643677e-01 1.000000000000000000e+00
1.294928999999999952e+01 3.155450000000000199e-01 1.414709000000000039e+01 1.274563810816412790e+01 1.177438999999999902e+00 1.000000000000000000e+00 1.000000000000000000e+00
1.285800000000000054e+01 2.849609000000000170e-01 1.404513000000000034e+01 1.211292710367492731e+01 1.348718000000000083e+00 8.336594753229038535e-01 1.000000000000000000e+00
1.282901999999999987e+01 1.851951000000000014e-01 1.404521000000000086e+01 1.259015448923646652e+01 1.256737999999999911e+00 8.350332102216158070e-01 1.000000000000000000e+00
1.286013999999999946e+01 2.658022999999999914e-01 1.403736999999999924e+01 1.265424161062320785e+01 1.322076000000000029e+00 8.604607472737324514e-01 1.000000000000000000e+00
1.288782999999999923e+01 2.504711000000000021e-01 1.410706000000000060e+01 1.250758460402737349e+01 1.270054000000000016e+00 9.389210622392261119e-01 1.000000000000000000e+00
1.289513999999999960e+01 2.831943000000000099e-01 1.407574999999999932e+01 1.270095025919878573e+01 1.280645000000000033e+00 9.332474665423178273e-01 1.000000000000000000e+00
1.283233000000000068e+01 2.032512999999999959e-01 1.403143999999999991e+01 1.263673919744516105e+01 1.244434999999999958e+00 8.315376040353029685e-01 1.000000000000000000e+00
1.293969000000000058e+01 3.072737999999999858e-01 1.413630999999999993e+01 1.254331226672986688e+01 1.236634000000000011e+00 1.000000000000000000e+00 1.000000000000000000e+00
1.291615000000000002e+01 2.901442000000000188e-01 1.409845999999999933e+01 1.270900732569223379e+01 1.276672000000000029e+00 9.827223442346908477e-01 1.000000000000000000e+00
1.291269999999999918e+01 3.592770000000000130e-01 1.405108000000000068e+01 1.254254917618889387e+01 1.317552000000000056e+00 8.988762996335720734e-01 1.000000000000000000e+00
1.295246999999999993e+01 3.566217999999999888e-01 1.413705000000000034e+01 1.219730379913298357e+01 1.270693999999999990e+00 1.000000000000000000e+00 1.000000000000000000e+00
1.292525000000000013e+01 2.784657999999999856e-01 1.415072999999999936e+01 1.270231742010219733e+01 1.146195999999999993e+00 1.000000000000000000e+00 1.000000000000000000e+00
1.286232000000000042e+01 2.520494999999999819e-01 1.407546999999999926e+01 1.261270171358142456e+01 1.237065999999999999e+00 8.752480157102173752e-01 1.000000000000000000e+00
1.289001999999999981e+01 2.952987999999999724e-01 1.408600000000000030e+01 1.224306831329331047e+01 1.369842000000000004e+00 9.076589228106548557e-01 1.000000000000000000e+00
1.287017999999999951e+01 2.220746000000000109e-01 1.409118999999999922e+01 1.238030056149218971e+01 1.283825999999999912e+00 9.102299945102304557e-01 1.000000000000000000e+00
1.293003000000000036e+01 3.238697999999999855e-01 1.411613999999999969e+01 1.233697482245008459e+01 1.338427000000000033e+00 9.838279538155505488e-01 1.000000000000000000e+00
1.282643999999999984e+01 2.196057999999999899e-01 1.402264000000000088e+01 1.257369080162894726e+01 1.214153000000000038e+00 8.052294266461718086e-01 1.000000000000000000e+00
1.289334999999999987e+01 2.753915000000000113e-01 1.407311999999999941e+01 1.278555622429821703e+01 1.150576999999999961e+00 9.293679569135543383e-01 1.000000000000000000e+00
1.286650000000000027e+01 2.296481999999999968e-01 1.408630999999999922e+01 1.275752380569448619e+01 1.153872999999999927e+00 9.009330054753234007e-01 1.000000000000000000e+00
1.301666999999999952e+01 4.300152999999999892e-01 1.415687999999999924e+01 1.250210208431604819e+01 1.257392000000000065e+00 1.000000000000000000e+00 1.000000000000000000e+00
1.278917000000000037e+01 1.290997999999999868e-01 1.401781000000000077e+01 1.247522709201091118e+01 1.263250999999999902e+00 7.680695439004631142e-01 1.000000000000000000e+00
1.284742999999999924e+01 2.479500000000000037e-01 1.402223000000000042e+01 1.271751942545425607e+01 1.213119000000000058e+00 8.382557646301688203e-01 1.000000000000000000e+00
1.284478999999999971e+01 2.153777000000000053e-01 1.405701999999999963e+01 1.266270511008164590e+01 1.231025999999999954e+00 8.569683377887484799e-01 1.000000000000000000e+00
1.292126000000000019e+01 2.850698999999999872e-01 1.413439999999999941e+01 1.267780558910500410e+01 1.190023999999999971e+00 9.993078068797093261e-01 1.000000000000000000e+00
1.292848000000000042e+01 2.945725000000000149e-01 1.413807000000000080e+01 1.269200891786315566e+01 1.225894999999999957e+00 1.000000000000000000e+00 1.000000000000000000e+00
1.292126999999999981e+01 2.874067000000000149e-01 1.413120999999999938e+01 1.275894522533558018e+01 1.225138999999999978e+00 1.000000000000000000e+00 1.000000000000000000e+00
1.293098999999999954e+01 3.605179000000000022e-01 1.409453000000000067e+01 1.239855223219355018e+01 1.250621999999999900e+00 9.403574952006270582e-01 1.000000000000000000e+00
1.284334999999999916e+01 1.584312999999999971e-01 1.409629999999999939e+01 1.250018386591331243e+01 1.216115000000000057e+00 8.811442488467760015e-01 1.000000000000000000e+00
1.293416999999999994e+01 3.461795999999999762e-01 1.410066999999999915e+01 1.270954011801954842e+01 1.258976000000000095e+00 9.750851363053141263e-01 1.000000000000000000e+00
1.284454999999999991e+01 2.082365999999999939e-01 1.405494000000000021e+01 1.273510737815562877e+01 1.223753000000000091e+00 8.628474242630698177e-01 1.000000000000000000e+00
1.281112000000000073e+01 6.471501999999999810e-02 1.403945000000000043e+01 1.263192346959560197e+01 1.273784999999999945e+00 8.357351415343924339e-01 1.000000000000000000e+00
1.288554000000000066e+01 2.853428000000000075e-01 1.407592999999999961e+01 1.240781217707979245e+01 1.284086000000000061e+00 8.998481046148982809e-01 1.000000000000000000e+00
1.286834999999999951e+01 2.126479000000000008e-01 1.411316000000000059e+01 1.254074547866092360e+01 1.204490000000000061e+00 9.146921533133474114e-01 1.000000000000000000e+00
1.281296999999999997e+01 1.504147000000000123e-01 1.401379000000000019e+01 1.267604530121413298e+01 1.294478999999999935e+00 8.155840794100247537e-01 1.000000000000000000e+00
1.285896999999999935e+01 2.573636999999999730e-01 1.403383999999999965e+01 1.266806493926173793e+01 1.234159999999999924e+00 8.576842480719298889e-01 1.000000000000000000e+00
1.290175999999999945e+01 3.404300000000000104e-01 1.404476000000000013e+01 1.275550340281425221e+01 1.174206000000000083e+00 8.901440037545800266e-01 1.000000000000000000e+00
1.282586000000000048e+01 2.582599999999999896e-01 1.400986999999999938e+01 1.229088083811798349e+01 1.345712999999999937e+00 7.814432735141318975e-01 1.000000000000000000e+00
1.296214999999999939e+01 4.077963000000000005e-01 1.410946999999999996e+01 1.233841535761847297e+01 1.282443999999999917e+00 9.688891559457001312e-01 1.000000000000000000e+00
1.296291000000000082e+01 4.048804999999999765e-01 1.406140000000000079e+01 1.287619904538865789e+01 1.183132999999999990e+00 9.773252050110283751e-01 1.000000000000000000e+00
1.290938000000000052e+01 3.270700000000000274e-01 1.405739999999999945e+01 1.282590879867554534e+01 1.203751000000000015e+00 9.275654108967438249e-01 1.000000000000000000e+00
1.281428999999999974e+01 1.403275999999999968e-01 1.402801000000000009e+01 1.253812176086833929e+01 1.349474999999999980e+00 8.224595116464500366e-01 1.000000000000000000e+00
1.296241999999999983e+01 3.965133000000000130e-01 1.412191999999999936e+01 1.253829708671338672e+01 1.222074000000000105e+00 9.857411753436607915e-01 1.000000000000000000e+00
1.294928999999999952e+01 3.155450000000000199e-01 1.414709000000000039e+01 1.274563810816412790e+01 1.177438999999999902e+00 1.000000000000000000e+00 1.000000000000000000e+00
1.283741000000000021e+01 1.636195000000000010e-01 1.404920000000000080e+01 1.256248906286717748e+01 1.311539999999999928e+00 8.648963799639938221e-01 1.000000000000000000e+00
1.297223999999999933e+01 3.830533999999999883e-01 1.413456000000000046e+01 1.268993487938388753e+01 1.242626000000000008e+00 1.000000000000000000e+00 1.000000000000000000e+00
1.286857000000000006e+01 1.627858000000000083e-01 1.408981999999999957e+01 1.260476452830636696e+01 1.302605000000000013e+00 9.451711866835943443e-01 1.000000000000000000e+00
1.286360999999999954e+01 2.209677999999999920e-01 1.407843000000000089e+01 1.241557535577672411e+01 1.312073000000000045e+00 8.962494037417130244e-01 1.000000000000000000e+00
1.286135999999999946e+01 1.398882999999999932e-01 1.409572999999999965e+01 1.271366148144088903e+01 1.210091999999999945e+00 9.371068331898260162e-01 1.000000000000000000e+00
1.283524000000000065e+01 2.298405000000000031e-01 1.400145000000000017e+01 1.276587697039339808e+01 1.238444000000000100e+00 8.236337801833404360e-01 1.000000000000000000e+00
1.288607999999999976e+01 3.248730000000000229e-01 1.405442999999999998e+01 1.253995079110878841e+01 1.298880999999999952e+00 8.706826775960526676e-01 1.000000000000000000e+00
1.291305000000000014e+01 3.422648999999999830e-01 1.409280000000000044e+01 1.255907779590172879e+01 1.254394000000000009e+00 9.213360131212231519e-01 1.000000000000000000e+00
1.287509999999999977e+01 1.940279000000000031e-01 1.409956999999999994e+01 1.270344391936851913e+01 1.222558999999999951e+00 9.458269525157906310e-01 1.000000000000000000e+00
1.291505000000000081e+01 3.018472999999999851e-01 1.409603000000000073e+01 1.249977722438874927e+01 1.366517999999999899e+00 9.679719751928340665e-01 1.000000000000000000e+00
1.293257000000000012e+01 3.633865000000000012e-01 1.406869999999999976e+01 1.286346938740179624e+01 1.157728000000000090e+00 9.488721317826801505e-01 1.000000000000000000e+00
1.299966000000000044e+01 4.151398000000000033e-01 1.414800999999999931e+01 1.238285183161851322e+01 1.253980000000000095e+00 1.000000000000000000e+00 1.000000000000000000e+00
1.280669999999999931e+01 1.463708999999999982e-01 1.404213000000000022e+01 1.236469800205543557e+01 1.349207000000000045e+00 8.041814591940585899e-01 1.000000000000000000e+00
1.293263999999999925e+01 2.831227000000000049e-01 1.415268999999999977e+01 1.261246176297151322e+01 1.277927999999999953e+00 1.000000000000000000e+00 1.000000000000000000e+00
1.285881000000000007e+01 2.222425000000000095e-01 1.409160999999999930e+01 1.224109168333628617e+01 1.315727000000000091e+00 8.849623147518452804e-01 1.000000000000000000e+00
1.286419000000000068e+01 1.967784999999999951e-01 1.407246999999999915e+01 1.261651538557589625e+01 1.338044999999999929e+00 9.174186006862191656e-01 1.000000000000000000e+00
1.291779999999999973e+01 3.238735999999999837e-01 1.410529999999999973e+01 1.270172507917460081e+01 1.134020000000000028e+00 9.474076020738406712e-01 1.000000000000000000e+00
1.282414999999999949e+01 1.502847999999999962e-01 1.405738000000000021e+01 1.209648391487968411e+01 1.364168999999999965e+00 8.378018854657728332e-01 1.000000000000000000e+00
1.296334000000000053e+01 3.570344999999999769e-01 1.413014000000000081e+01 1.254179319125855052e+01 1.300821999999999923e+00 1.000000000000000000e+00 1.000000000000000000e+00
1.291294000000000075e+01 3.241491000000000233e-01 1.407680000000000042e+01 1.277003205995567647e+01 1.205880999999999981e+00 9.393507146625774684e-01 1.000000000000000000e+00
1.280910000000000082e+01 2.085249999999999881e-01 1.401642999999999972e+01 1.241862845974887719e+01 1.266723999999999961e+00 7.746578176837498608e-01 1.000000000000000000e+00
1.281953000000000031e+01 1.952244999999999953e-01 1.402974999999999994e+01 1.260847127885394237e+01 1.194315000000000015e+00 8.047458285599490280e-01 1.000000000000000000e+00
1.286444999999999972e+01 2.260421999999999987e-01 1.406434999999999924e+01 1.253700095101745049e+01 1.316777000000000086e+00 8.956494670970868155e-01 1.000000000000000000e+00
1.289581000000000088e+01 2.471262999999999932e-01 1.409614000000000011e+01 1.277173950503576805e+01 1.208169999999999966e+00 9.641352212984766190e-01 1.000000000000000000e+00
1.292318000000000033e+01 3.653968000000000216e-01 1.404653000000000063e+01 1.282441179710185963e+01 1.192349000000000103e+00 9.204691927960126918e-01 1.000000000000000000e+00
1.289968999999999966e+01 2.547606000000000037e-01 1.412988000000000000e+01 1.237147236262344663e+01 1.319180000000000019e+00 9.698263449532882330e-01 1.000000000000000000e+00
1.300150999999999968e+01 4.188622000000000178e-01 1.415526000000000018e+01 1.266743781907744371e+01 1.171929999999999916e+00 1.000000000000000000e+00 1.000000000000000000e+00
1.288340999999999958e+01 3.208305000000000184e-01 1.403617000000000026e+01 1.251261443316122168e+01 1.354000000000000092e+00 8.662274888728497269e-01 1.000000000000000000e+00
1.291112000000000037e+01 3.218928999999999818e-01 1.407605000000000040e+01 1.285063515924903932e+01 1.161427999999999905e+00 9.387586923507337255e-01 1.000000000000000000e+00
1.289976000000000056e+01 2.970711999999999797e-01 1.407929999999999993e+01 1.278366338047620410e+01 1.220633000000000079e+00 9.340986175327963270e-01 1.000000000000000000e+00
1.291775999999999947e+01 2.763109000000000259e-01 1.413753999999999955e+01 1.255867491875969044e+01 1.266046999999999922e+00 1.000000000000000000e+00 1.000000000000000000e+00
1.287613999999999947e+01 2.359293000000000085e-01 1.410800000000000054e+01 1.264052769663015852e+01 1.177588000000000079e+00 9.190993005443689468e-01 1.000000000000000000e+00
1.291494999999999926e+01 3.060663000000000133e-01 1.411337999999999937e+01 1.241004551975126446e+01 1.279667000000000110e+00 9.596637924599854541e-01 1.000000000000000000e+00
1.287939000000000078e+01 3.024678000000000089e-01 1.406680000000000064e+01 1.262088826548613163e+01 1.195306999999999897e+00 8.722965376150723094e-01 1.000000000000000000e+00
1.287678000000000011e+01 2.563016000000000183e-01 1.409401000000000082e+01 1.251339966918912694e+01 1.297983000000000109e+00 9.091787576793951553e-01 1.000000000000000000e+00
1.290049999999999919e+01 3.318442999999999810e-01 1.405103000000000080e+01 1.270938687891410268e+01 1.320298999999999889e+00 9.030424377973936823e-01 1.000000000000000000e+00
1.293969000000000058e+01 3.072737999999999858e-01 1.413630999999999993e+01 1.254331226672986688e+01 1.236634000000000011e+00 1.000000000000000000e+00 1.000000000000000000e+00
1.285152000000000072e+01 1.290291000000000077e-01 1.408972999999999942e+01 1.269347574650519839e+01 1.234134999999999982e+00 9.180900096898733098e-01 1.000000000000000000e+00
1.299277999999999977e+01 4.509175000000000266e-01 1.409162000000000070e+01 1.254604061777936330e+01 1.324551000000000034e+00 9.947169656055017128e-01 1.000000000000000000e+00
1.298892999999999986e+01 4.159502999999999950e-01 1.412092999999999954e+01 1.287790874755182102e+01 1.094319000000000042e+00 1.000000000000000000e+00 1.000000000000000000e+00
1.287477999999999945e+01 2.843137000000000025e-01 1.406720999999999933e+01 1.235991771729474920e+01 1.286605999999999916e+00 8.742188184465853329e-01 1.000000000000000000e+00
1.292256000000000071e+01 3.562081999999999748e-01 1.407160999999999973e+01 1.254685076100729546e+01 1.246532999999999891e+00 9.238147816228287068e-01 1.000000000000000000e+00
1.286758000000000024e+01 1.935081999999999913e-01 1.410749000000000031e+01 1.273954578264618398e+01 1.165815999999999963e+00 9.277672826043625864e-01 1.000000000000000000e+00
1.295600999999999914e+01 3.334917000000000020e-01 1.413111999999999924e+01 1.283842438508464490e+01 1.137049999999999894e+00 1.000000000000000000e+00 1.000000000000000000e+00
1.284950000000000081e+01 2.143967999999999985e-01 1.406587999999999994e+01 1.254536405499990792e+01 1.224193000000000087e+00 8.638063484768906397e-01 1.000000000000000000e+00
1.292071999999999932e+01 2.944832000000000005e-01 1.412689999999999912e+01 1.267546040000653917e+01 1.272235999999999922e+00 9.951669680459555023e-01 1.000000000000000000e+00
1.287174000000000085e+01 2.555906000000000011e-01 1.405119000000000007e+01 1.253446148160048423e+01 1.294033999999999907e+00 8.885284049576996912e-01 1.000000000000000000e+00
1.294293000000000049e+01 3.548779000000000239e-01 1.409108999999999945e+01 1.262007230111080780e+01 1.260753999999999930e+00 9.813044746967053422e-01 1.000000000000000000e+00
1.291835999999999984e+01 2.936190000000000189e-01 1.410089999999999932e+01 1.264659045735066201e+01 1.212687000000000070e+00 9.776289262564125115e-01 1.000000000000000000e+00
1.287790999999999997e+01 2.274741999999999875e-01 1.411031000000000013e+01 1.271936808290439558e+01 1.175880000000000036e+00 9.326515674515771792e-01 1.000000000000000000e+00
1.285754000000000019e+01 1.629902000000000017e-01 1.409681999999999924e+01 1.259623836760936122e+01 1.306847000000000092e+00 9.214226672760328363e-01 1.000000000000000000e+00
1.297038000000000046e+01 3.766287999999999858e-01 1.411593000000000053e+01 1.257589761520575422e+01 1.270475999999999939e+00 1.000000000000000000e+00 1.000000000000000000e+00
1.293279000000000067e+01 3.467218000000000244e-01 1.410113999999999912e+01 1.268426926452664638e+01 1.235287999999999942e+00 9.684307378848198145e-01 1.000000000000000000e+00
1.296879000000000026e+01 3.464249999999999829e-01 1.416531999999999947e+01 1.257898208636651383e+01 1.188579999999999970e+00 1.000000000000000000e+00 1.000000000000000000e+00
1.282307999999999915e+01 1.124701000000000034e-01 1.404345999999999961e+01 1.261989971657060217e+01 1.337441000000000102e+00 8.546054048253484137e-01 1.000000000000000000e+00
1.278162999999999982e+01 3.089371000000000131e-02 1.400927000000000078e+01 1.259867238104859766e+01 1.288933000000000106e+00 7.750138959611039269e-01 1.000000000000000000e+00
1.294203000000000081e+01 3.533743999999999774e-01 1.413266999999999918e+01 1.246930690929793428e+01 1.240966000000000014e+00 9.840344777385736652e-01 1.000000000000000000e+00
1.288798000000000066e+01 2.987540000000000195e-01 1.406113999999999997e+01 1.264049838451034979e+01 1.292902999999999913e+00 9.000574050494484224e-01 1.000000000000000000e+00
1.300094999999999956e+01 4.312733000000000261e-01 1.414760000000000062e+01 1.254004379655990498e+01 1.242299000000000042e+00 1.000000000000000000e+00 1.000000000000000000e+00
1.288199999999999967e+01 3.247191999999999856e-01 1.404031999999999947e+01 1.241436958413578573e+01 1.368814999999999893e+00 8.594487443566283247e-01 1.000000000000000000e+00
1.293759000000000015e+01 3.419260000000000077e-01 1.413653000000000048e+01 1.245799321686296857e+01 1.212754000000000110e+00 9.825103397990887499e-01 1.000000000000000000e+00
1.290933000000000064e+01 2.700595000000000079e-01 1.412689999999999912e+01 1.252216565119245573e+01 1.257438999999999973e+00 9.799429149755161106e-01 1.000000000000000000e+00
1.295790000000000042e+01 3.557795000000000263e-01 1.411048000000000080e+01 1.267900016484990999e+01 1.247587000000000002e+00 1.000000000000000000e+00 1.000000000000000000e+00
1.289466000000000001e+01 2.604171000000000125e-01 1.413062000000000040e+01 1.263908685039131896e+01 1.179507000000000083e+00 9.505439347028398211e-01 1.000000000000000000e+00
1.291871000000000080e+01 2.885979000000000183e-01 1.412114000000000047e+01 1.247914499421532852e+01 1.359140999999999933e+00 9.933311653378128492e-01 1.000000000000000000e+00
1.286403999999999925e+01 2.592278000000000082e-01 1.407986000000000004e+01 1.242379884405950641e+01 1.304515000000000091e+00 8.741295413991616581e-01 1.000000000000000000e+00
1.295852999999999966e+01 3.614242999999999761e-01 1.413180000000000014e+01 1.273027133055536808e+01 1.255848999999999993e+00 1.000000000000000000e+00 1.000000000000000000e+00
1.298822999999999972e+01 3.948922999999999739e-01 1.414104999999999990e+01 1.255369669970515645e+01 1.305228999999999973e+00 1.000000000000000000e+00 1.000000000000000000e+00
1.288494000000000028e+01 2.402733999999999981e-01 1.410721000000000025e+01 1.245243218837727817e+01 1.356136999999999926e+00 9.439511913730167514e-01 1.000000000000000000e+00
1.294036999999999971e+01 3.463892000000000082e-01 1.408257000000000048e+01 1.286691153838298263e+01 1.247015999999999902e+00 9.935538467201915358e-01 1.000000000000000000e+00
1.294106000000000023e+01 3.311242999999999825e-01 1.413493000000000066e+01 1.248416893243336823e+01 1.311727000000000087e+00 1.000000000000000000e+00 1.000000000000000000e+00
1.293713999999999942e+01 3.771403999999999868e-01 1.407478000000000051e+01 1.281368297769938458e+01 1.132760999999999907e+00 9.418263638349321232e-01 1.000000000000000000e+00
1.294194000000000067e+01 3.697118999999999822e-01 1.410432999999999915e+01 1.277624680567022786e+01 1.100864999999999982e+00 9.617485576468968178e-01 1.000000000000000000e+00
1.281540999999999997e+01 1.404932999999999876e-01 1.404537999999999975e+01 1.236381391484962577e+01 1.353507000000000016e+00 8.242788338353079780e-01 1.000000000000000000e+00
1.287644000000000055e+01 2.827690999999999955e-01 1.404867999999999917e+01 1.281138463629238267e+01 1.140600000000000058e+00 8.825243827066004965e-01 1.000000000000000000e+00
1.292470999999999925e+01 2.951734999999999776e-01 1.412162999999999968e+01 1.276362850936481763e+01 1.127555000000000085e+00 9.952489962815357361e-01 1.000000000000000000e+00
1.286781000000000041e+01 2.444341999999999904e-01 1.408558999999999983e+01 1.258671208484700621e+01 1.183680999999999983e+00 8.885765908243489219e-01 1.000000000000000000e+00
1.299829000000000079e+01 4.096146999999999982e-01 1.413959000000000010e+01 1.263106100470175086e+01 1.296278999999999959e+00 1.000000000000000000e+00 1.000000000000000000e+00
1.286058000000000057e+01 2.126491000000000076e-01 1.409769000000000005e+01 1.218799574660715024e+01 1.345337000000000005e+00 8.970322114856947859e-01 1.000000000000000000e+00
1.284374000000000038e+01 1.832827999999999957e-01 1.407459000000000060e+01 1.248872490526997936e+01 1.261192000000000091e+00 8.698025290142106236e-01 1.000000000000000000e+00
1.282876000000000083e+01 1.713371999999999951e-01 1.406672999999999973e+01 1.256361469279269727e+01 1.210248999999999908e+00 8.405672908151767819e-01 1.000000000000000000e+00
1.289497000000000071e+01 2.665160999999999780e-01 1.411841000000000079e+01 1.276203830745616941e+01 1.135607999999999951e+00 9.466833684897891787e-01 1.000000000000000000e+00
1.291433999999999926e+01 3.146194999999999964e-01 1.409528000000000070e+01 1.259227665412641528e+01 1.358676999999999913e+00 9.576009857881326859e-01 1.000000000000000000e+00
1.292342000000000013e+01 2.657999999999999807e-01 1.413929000000000080e+01 1.262092396025791352e+01 1.263474999999999904e+00 1.000000000000000000e+00 1.000000000000000000e+00
1.286475000000000080e+01 2.319721999999999895e-01 1.405776000000000003e+01 1.256237726368222418e+01 1.283792999999999962e+00 8.898285806398693598e-01 1.000000000000000000e+00
1.288396999999999970e+01 2.243348000000000009e-01 1.411088999999999949e+01 1.247411705436028662e+01 1.353126999999999969e+00 9.531180633132146918e-01 1.000000000000000000e+00
1.284979000000000049e+01 2.175279999999999991e-01 1.403982000000000063e+01 1.266178883929775978e+01 1.250399000000000038e+00 8.636351125027211806e-01 1.000000000000000000e+00
1.286477000000000004e+01 2.337433999999999901e-01 1.408562000000000047e+01 1.241426922764154028e+01 1.291285000000000016e+00 8.915746445193714065e-01 1.000000000000000000e+00
1.285485000000000078e+01 1.543870999999999993e-01 1.410849999999999937e+01 1.255813750815059038e+01 1.256415999999999977e+00 9.163804127776297159e-01 1.000000000000000000e+00
1.288457000000000008e+01 2.586566000000000143e-01 1.409015999999999913e+01 1.254853810857504293e+01 1.282242000000000104e+00 9.241520824480622398e-01 1.000000000000000000e+00
1.299774999999999991e+01 4.370721000000000189e-01 1.409590000000000032e+01 1.290850387363675189e+01 1.139912999999999954e+00 1.000000000000000000e+00 1.000000000000000000e+00
1.283009999999999984e+01 8.007967000000000557e-02 1.405982999999999983e+01 1.249549213034967821e+01 1.327836999999999934e+00 8.759417771377815409e-01 1.000000000000000000e+00
1.292026000000000074e+01 2.858887999999999985e-01 1.411611000000000082e+01 1.248697389129216617e+01 1.296632999999999925e+00 9.935019049242609368e-01 1.000000000000000000e+00
1.288979999999999926e+01 2.377538999999999902e-01 1.413457999999999970e+01 1.258541290815858282e+01 1.209619000000000000e+00 9.559900282044392350e-01 1.000000000000000000e+00
1.280842999999999954e+01 9.442765000000000186e-02 1.403037999999999919e+01 1.250425398625227658e+01 1.332413000000000070e+00 8.216918788730357415e-01 1.000000000000000000e+00
1.300163000000000046e+01 4.075292999999999832e-01 1.414516000000000062e+01 1.266566391381474688e+01 1.229672000000000098e+00 1.000000000000000000e+00 1.000000000000000000e+00
1.297061000000000064e+01 4.013963999999999865e-01 1.411172999999999966e+01 1.249444071696968095e+01 1.365407999999999955e+00 1.000000000000000000e+00 1.000000000000000000e+00
1.290263999999999989e+01 2.877951999999999733e-01 1.410698000000000008e+01 1.262780706101270844e+01 1.209632999999999958e+00 9.455586955851871256e-01 1.000000000000000000e+00
1.293539999999999957e+01 3.079398999999999886e-01 1.411858999999999931e+01 1.281447281595746546e+01 1.142419999999999991e+00 1.000000000000000000e+00 1.000000000000000000e+00
1.282353999999999949e+01 2.079210999999999976e-01 1.401493999999999929e+01 1.264857163302722398e+01 1.267857000000000012e+00 8.103048612128405104e-01 1.000000000000000000e+00
1.287719000000000058e+01 2.585676000000000085e-01 1.404473999999999911e+01 1.272397181968228530e+01 1.278772000000000020e+00 9.041063382002706428e-01 1.000000000000000000e+00
1.292524000000000051e+01 3.158071000000000073e-01 1.410336999999999996e+01 1.250282393402505221e+01 1.355860999999999983e+00 9.815820175614199394e-01 1.000000000000000000e+00
1.294478999999999935e+01 3.513715000000000033e-01 1.413325999999999993e+01 1.282940606014361329e+01 1.078297999999999979e+00 9.946568720127522134e-01 1.000000000000000000e+00
1.299427000000000021e+01 4.110546999999999951e-01 1.411026999999999987e+01 1.287670391292798477e+01 1.182217999999999991e+00 1.000000000000000000e+00 1.000000000000000000e+00
1.296166999999999980e+01 3.628825999999999996e-01 1.415436000000000050e+01 1.281974914234285912e+01 1.083139999999999992e+00 1.000000000000000000e+00 1.000000000000000000e+00
1.286635000000000062e+01 2.410952000000000095e-01 1.405556999999999945e+01 1.273981731856589583e+01 1.247989999999999933e+00 8.929784835435514712e-01 1.000000000000000000e+00
1.282690000000000019e+01 1.180761000000000033e-01 1.404134999999999955e+01 1.260685157297490555e+01 1.290010000000000101e+00 8.569317270046552526e-01 1.000000000000000000e+00
1.285397999999999996e+01 2.444485000000000130e-01 1.407290000000000063e+01 1.232326079823239695e+01 1.302475999999999967e+00 8.579208442042474125e-01 1.000000000000000000e+00
1.290081999999999951e+01 2.460745000000000016e-01 1.411997999999999998e+01 1.247401383596427848e+01 1.301647999999999916e+00 9.773802102030451078e-01 1.000000000000000000e+00
1.287379999999999924e+01 2.011816999999999911e-01 1.408419999999999916e+01 1.255431807818631817e+01 1.311722999999999972e+00 9.356966530978221286e-01 1.000000000000000000e+00
1.289367000000000019e+01 2.855817999999999968e-01 1.409580000000000055e+01 1.241540940054354714e+01 1.249969000000000108e+00 9.200984095501523186e-01 1.000000000000000000e+00
1.293690999999999924e+01 3.910550999999999888e-01 1.406506000000000078e+01 1.262768428156867628e+01 1.312361000000000111e+00 9.280319509697282365e-01 1.000000000000000000e+00
1.288499000000000017e+01 2.719495000000000107e-01 1.406851999999999947e+01 1.260557106733308075e+01 1.229195999999999955e+00 9.087381075286116161e-01 1.000000000000000000e+00
1.283553999999999995e+01 1.060692000000000024e-01 1.405945999999999962e+01 1.269418864416577719e+01 1.218355999999999995e+00 8.817168220143650759e-01 1.000000000000000000e+00
1.277666999999999931e+01 1.495429000000000064e-01 1.397124999999999950e+01 1.258067175893698142e+01 1.307995000000000019e+00 7.357611937982861949e-01 1.000000000000000000e+00
1.285186000000000028e+01 1.659278999999999893e-01 1.407249999999999979e+01 1.276287109623402394e+01 1.186617999999999951e+00 9.010483063385418268e-01 1.000000000000000000e+00
1.283234000000000030e+01 2.459853999999999929e-01 1.401323999999999970e+01 1.265030873892319718e+01 1.231133999999999951e+00 8.054067606919647071e-01 1.000000000000000000e+00
1.287709000000000081e+01 2.903748999999999914e-01 1.403243999999999936e+01 1.268586802215758169e+01 1.271335000000000104e+00 8.765988048525892307e-01 1.000000000000000000e+00
1.293219999999999992e+01 3.158216999999999830e-01 1.414653000000000027e+01 1.249468652850735673e+01 1.246380000000000043e+00 1.000000000000000000e+00 1.000000000000000000e+00
1.292112000000000016e+01 3.204459000000000057e-01 1.411354000000000042e+01 1.250458584530584893e+01 1.305085000000000051e+00 9.665258892270023328e-01 1.000000000000000000e+00
1.288611000000000040e+01 3.018016000000000032e-01 1.405355999999999916e+01 1.271738388972918798e+01 1.312014999999999931e+00 8.963946372048284816e-01 1.000000000000000000e+00
1.280653000000000041e+01 1.920502000000000042e-01 1.401688000000000045e+01 1.227279229911671798e+01 1.360405000000000086e+00 7.796667249043514047e-01 1.000000000000000000e+00
1.292787000000000042e+01 3.148095000000000199e-01 1.410792000000000002e+01 1.266246983212645816e+01 1.332548999999999984e+00 9.940347809803361523e-01 1.000000000000000000e+00
1.284661999999999971e+01 2.133267000000000080e-01 1.406456000000000017e+01 1.267595523391391410e+01 1.183367000000000058e+00 8.605414901460729515e-01 1.000000000000000000e+00
1.286422999999999917e+01 2.950245000000000228e-01 1.403494000000000064e+01 1.248549666380480438e+01 1.325044000000000111e+00 8.428820871640805290e-01 1.000000000000000000e+00
1.279357000000000077e+01 1.512198999999999904e-01 1.401112000000000002e+01 1.248742299910855458e+01 1.310799000000000047e+00 7.714683708991313393e-01 1.000000000000000000e+00
1.282940999999999931e+01 1.306070000000000009e-01 1.406272000000000055e+01 1.236915484900867135e+01 1.374859999999999971e+00 8.618641082189579805e-01 1.000000000000000000e+00
1.283164999999999978e+01 1.967279000000000111e-01 1.402542000000000044e+01 1.256847357424355494e+01 1.271803999999999935e+00 8.307361773242847303e-01 1.000000000000000000e+00
1.281185999999999936e+01 2.038465000000000138e-01 1.401726999999999990e+01 1.238502656679096781e+01 1.308502000000000054e+00 7.839279217407761902e-01 1.000000000000000000e+00
1.292977999999999916e+01 3.545017999999999780e-01 1.407184999999999953e+01 1.278732163124412580e+01 1.262278999999999929e+00 9.540804044037526355e-01 1.000000000000000000e+00
1.282141000000000020e+01 1.721141999999999950e-01 1.403307000000000038e+01 1.249348669711459259e+01 1.338840000000000030e+00 8.243186028331717097e-01 1.000000000000000000e+00
1.293928999999999974e+01 3.215117000000000114e-01 1.410757000000000083e+01 1.275084831738236346e+01 1.233490999999999893e+00 1.000000000000000000e+00 1.000000000000000000e+00
1.286993999999999971e+01 2.221133999999999886e-01 1.407216000000000022e+01 1.249901151303279434e+01 1.281414999999999971e+00 9.080666291900307829e-01 1.000000000000000000e+00
1.296063000000000009e+01 3.812364999999999782e-01 1.411445999999999934e+01 1.276734538676934427e+01 1.193483999999999989e+00 1.000000000000000000e+00 1.000000000000000000e+00
1.291798999999999964e+01 3.121361999999999748e-01 1.409160999999999930e+01 1.258501844444709228e+01 1.260327999999999893e+00 9.602101263301364709e-01 1.000000000000000000e+00
1.283356000000000030e+01 1.451224000000000125e-01 1.407948000000000022e+01 1.261167484050337606e+01 1.190366000000000035e+00 8.635873180173069263e-01 1.000000000000000000e+00
1.282975000000000065e+01 2.391069999999999862e-01 1.401834000000000024e+01 1.230564815317982408e+01 1.369288999999999978e+00 8.029697783248186393e-01 1.000000000000000000e+00
1.283070000000000022e+01 1.747303000000000051e-01 1.404409000000000063e+01 1.250986715080754408e+01 1.380613000000000090e+00 8.476100565287266742e-01 1.000000000000000000e+00
1.287477999999999945e+01 2.843137000000000025e-01 1.406720999999999933e+01 1.235991771729474920e+01 1.286605999999999916e+00 8.742188184465853329e-01 1.000000000000000000e+00
1.296108000000000082e+01 3.727146000000000070e-01 1.414143999999999934e+01 1.208582087040434416e+01 1.320513000000000048e+00 1.000000000000000000e+00 1.000000000000000000e+00
1.286106000000000016e+01 2.897552999999999934e-01 1.404378999999999955e+01 1.217761781901894302e+01 1.369348000000000010e+00 8.384673622962599548e-01 1.000000000000000000e+00
1.288380000000000081e+01 2.282029999999999892e-01 1.412307999999999986e+01 1.258674612730808562e+01 1.217268000000000017e+00 9.461027049443216930e-01 1.000000000000000000e+00
1.281822999999999979e+01 1.275003000000000108e-01 1.403819999999999979e+01 1.260775162717530051e+01 1.251517999999999908e+00 8.330977446729838087e-01 1.000000000000000000e+00
1.283826000000000001e+01 1.275235000000000118e-01 1.405678999999999945e+01 1.272121412327609313e+01 1.194935999999999998e+00 8.803922925579628078e-01 1.000000000000000000e+00
1.290792000000000073e+01 3.253424999999999789e-01 1.407938000000000045e+01 1.258129216552335272e+01 1.272483000000000031e+00 9.235181172141548878e-01 1.000000000000000000e+00
1.298803999999999981e+01 3.934542999999999791e-01 1.417015999999999920e+01 1.275468644066027224e+01 1.098870000000000013e+00 1.000000000000000000e+00 1.000000000000000000e+00
1.288297999999999988e+01 2.464613999999999971e-01 1.409732999999999947e+01 1.276126148835148300e+01 1.145415999999999990e+00 9.291990219366221826e-01 1.000000000000000000e+00
1.299099999999999966e+01 4.162802999999999920e-01 1.412168999999999919e+01 1.287638530913546475e+01 1.095979999999999954e+00 1.000000000000000000e+00 1.000000000000000000e+00
1.279780000000000051e+01 8.677231000000000527e-02 1.401884000000000086e+01 1.246880529681470584e+01 1.373245000000000049e+00 8.010013870227187249e-01 1.000000000000000000e+00
1.283784999999999954e+01 1.013330000000000064e-01 1.405663999999999980e+01 1.269875443625257461e+01 1.279547999999999908e+00 8.919952638838977155e-01 1.000000000000000000e+00
1.293665999999999983e+01 3.656097999999999848e-01 1.409004999999999974e+01 1.270444977012520660e+01 1.238790999999999976e+00 9.576524192659172652e-01 1.000000000000000000e+00
1.294539999999999935e+01 3.515182000000000029e-01 1.413485000000000014e+01 1.261350791654247239e+01 1.162220000000000031e+00 9.924406929995734927e-01 1.000000000000000000e+00
1.295171000000000028e+01 3.849502000000000201e-01 1.408301999999999943e+01 1.272648221206730312e+01 1.198123000000000049e+00 9.695311993554326380e-01 1.000000000000000000e+00
1.292123999999999917e+01 3.526410999999999851e-01 1.407100999999999935e+01 1.238794335779672195e+01 1.336079000000000017e+00 9.257862770241216399e-01 1.000000000000000000e+00
1.280971000000000082e+01 1.497749999999999915e-01 1.404387999999999970e+01 1.214853369567434527e+01 1.316105000000000080e+00 8.032931636010203214e-01 1.000000000000000000e+00
1.284742999999999924e+01 2.479500000000000037e-01 1.402223000000000042e+01 1.271751942545425607e+01 1.213119000000000058e+00 8.382557646301688203e-01 1.000000000000000000e+00
1.288063000000000002e+01 3.010603000000000029e-01 1.406292000000000009e+01 1.257135125868256864e+01 1.333882999999999930e+00 8.827421939833660636e-01 1.000000000000000000e+00
1.296752000000000038e+01 3.906585000000000196e-01 1.413181999999999938e+01 1.244180912616549683e+01 1.247387000000000024e+00 1.000000000000000000e+00 1.000000000000000000e+00
1.292201000000000022e+01 2.828381999999999841e-01 1.413832999999999984e+01 1.253603638422548272e+01 1.195634000000000086e+00 9.983405252940715791e-01 1.000000000000000000e+00
1.285684999999999967e+01 1.222583000000000003e-01 1.409881000000000029e+01 1.268256295599910821e+01 1.235000000000000098e+00 9.340767586409005618e-01 1.000000000000000000e+00
1.293125000000000036e+01 3.008280999999999872e-01 1.413546000000000014e+01 1.285159850596695641e+01 1.127380000000000049e+00 1.000000000000000000e+00 1.000000000000000000e+00
1.297986000000000040e+01 3.712007999999999974e-01 1.417115000000000080e+01 1.242278794286947807e+01 1.246669000000000027e+00 1.000000000000000000e+00 1.000000000000000000e+00
1.296078999999999937e+01 3.338172999999999835e-01 1.414488000000000056e+01 1.276109746642340959e+01 1.203316000000000052e+00 1.000000000000000000e+00 1.000000000000000000e+00
1.291037999999999997e+01 3.009742999999999724e-01 1.409774999999999956e+01 1.266382393982659416e+01 1.222042000000000073e+00 9.535530508089802293e-01 1.000000000000000000e+00
1.286006000000000071e+01 2.234818000000000082e-01 1.403881999999999941e+01 1.276005303730551788e+01 1.225429000000000102e+00 8.854947490389839526e-01 1.000000000000000000e+00
1.297663999999999973e+01 4.018895000000000106e-01 1.412703999999999915e+01 1.269544807807528741e+01 1.191694000000000031e+00 1.000000000000000000e+00 1.000000000000000000e+00
1.286106000000000016e+01 2.897552999999999934e-01 1.404378999999999955e+01 1.217761781901894302e+01 1.369348000000000010e+00 8.384673622962599548e-01 1.000000000000000000e+00
1.289437999999999995e+01 2.580536999999999970e-01 1.409124000000000088e+01 1.266608702400785091e+01 1.327700000000000102e+00 9.552097347797119387e-01 1.000000000000000000e+00
1.282679000000000080e+01 1.552331000000000127e-01 1.405803000000000047e+01 1.235345345543280082e+01 1.282270999999999939e+00 8.399954891104084442e-01 1.000000000000000000e+00
1.285333999999999932e+01 1.037283999999999984e-01 1.409791000000000061e+01 1.266110422365474264e+01 1.244663999999999993e+00 9.311573134034017984e-01 1.000000000000000000e+00
1.282330999999999932e+01 1.569484999999999908e-01 1.403933999999999926e+01 1.238365189772210861e+01 1.387294999999999945e+00 8.354372428866211342e-01 1.000000000000000000e+00
1.286013999999999946e+01 2.658022999999999914e-01 1.403736999999999924e+01 1.265424161062320785e+01 1.322076000000000029e+00 8.604607472737324514e-01 1.000000000000000000e+00
1.281587999999999994e+01 2.384110999999999869e-01 1.399102000000000068e+01 1.265247119431251477e+01 1.301922000000000024e+00 7.774961402757439854e-01 1.000000000000000000e+00
1.282258000000000031e+01 1.330687999999999871e-01 1.407060000000000066e+01 1.234306366374966579e+01 1.320229000000000097e+00 8.445503738426612950e-01 1.000000000000000000e+00
1.293327000000000027e+01 2.777679000000000120e-01 1.416651000000000060e+01 1.264473505575242385e+01 1.189448999999999979e+00 1.000000000000000000e+00 1.000000000000000000e+00
1.283186000000000071e+01 1.423934000000000033e-01 1.406542999999999921e+01 1.248501267352430411e+01 1.294235000000000024e+00 8.612655890217263410e-01 1.000000000000000000e+00
1.280658000000000030e+01 2.192822000000000104e-01 1.400198999999999927e+01 1.231211348097587965e+01 1.342784999999999895e+00 7.640031563063954811e-01 1.000000000000000000e+00
1.292835999999999963e+01 3.452894000000000241e-01 1.412087000000000003e+01 1.218590466675692774e+01 1.268602999999999925e+00 9.526587710495194594e-01 1.000000000000000000e+00
1.299282000000000004e+01 4.460356999999999794e-01 1.409826999999999941e+01 1.261027653025738182e+01 1.247403000000000040e+00 9.995362605362445585e-01 1.000000000000000000e+00
1.290508999999999951e+01 2.443099999999999994e-01 1.415089000000000041e+01 1.264530374042881355e+01 1.159783999999999926e+00 9.898222979517655729e-01 1.000000000000000000e+00
1.295616000000000057e+01 3.474897000000000125e-01 1.416526999999999958e+01 1.224559041058072317e+01 1.270952000000000082e+00 1.000000000000000000e+00 1.000000000000000000e+00
1.292478999999999978e+01 3.733335999999999877e-01 1.407019999999999982e+01 1.266298529326718736e+01 1.299927999999999972e+00 9.204116697595861041e-01 1.000000000000000000e+00
1.290198000000000000e+01 3.202490000000000059e-01 1.405944000000000038e+01 1.282152651144074085e+01 1.238358999999999988e+00 9.191350285809991583e-01 1.000000000000000000e+00
1.299666999999999994e+01 4.435718000000000161e-01 1.411330000000000062e+01 1.271575298854180858e+01 1.214628000000000041e+00 1.000000000000000000e+00 1.000000000000000000e+00
1.296640000000000015e+01 3.438819000000000181e-01 1.415324999999999989e+01 1.270121598536299423e+01 1.209573000000000009e+00 1.000000000000000000e+00 1.000000000000000000e+00
1.296170000000000044e+01 3.867047000000000123e-01 1.411777000000000015e+01 1.276136132632612075e+01 1.199710000000000054e+00 1.000000000000000000e+00 1.000000000000000000e+00
1.295814999999999984e+01 3.947146999999999739e-01 1.409979000000000049e+01 1.245905154495578060e+01 1.293962000000000057e+00 9.752975574595793562e-01 1.000000000000000000e+00
1.288841999999999999e+01 2.849542999999999937e-01 1.408590000000000053e+01 1.278335747884218954e+01 1.136265000000000081e+00 9.127928090087272794e-01 1.000000000000000000e+00
1.288072999999999979e+01 3.284074000000000160e-01 1.402750999999999948e+01 1.270592306827002282e+01 1.221508999999999956e+00 8.524466558670003025e-01 1.000000000000000000e+00
1.297849000000000075e+01 3.902483999999999953e-01 1.414893000000000001e+01 1.258122013328135758e+01 1.257997999999999950e+00 1.000000000000000000e+00 1.000000000000000000e+00
1.292459000000000024e+01 3.605534000000000239e-01 1.407154000000000060e+01 1.263343928899328716e+01 1.237344999999999917e+00 9.270735907916098917e-01 1.000000000000000000e+00
1.288495999999999952e+01 2.315656000000000103e-01 1.408716000000000079e+01 1.268366166687135355e+01 1.223444999999999894e+00 9.431508938565710265e-01 1.000000000000000000e+00
1.294204000000000043e+01 3.776372000000000062e-01 1.407138999999999918e+01 1.254691937988378747e+01 1.331331000000000042e+00 9.533921932459622495e-01 1.000000000000000000e+00
1.289443999999999946e+01 3.345937999999999968e-01 1.403810999999999964e+01 1.259515453111600891e+01 1.302519999999999900e+00 8.787350698569550422e-01 1.000000000000000000e+00
1.294885000000000019e+01 3.785460999999999965e-01 1.412701000000000029e+01 1.253820245473296779e+01 1.220792000000000099e+00 9.736940297911523823e-01 1.000000000000000000e+00
1.286065999999999931e+01 1.442591000000000012e-01 1.409664000000000073e+01 1.259019524041289451e+01 1.317212000000000049e+00 9.367519878155962099e-01 1.000000000000000000e+00
1.283009999999999984e+01 1.249038999999999983e-01 1.405203000000000024e+01 1.242348532298749930e+01 1.362916000000000016e+00 8.629439450496548814e-01 1.000000000000000000e+00
1.291634999999999955e+01 3.481799999999999895e-01 1.409275000000000055e+01 1.248664712035666469e+01 1.279803000000000024e+00 9.229694716597866000e-01 1.000000000000000000e+00
1.285022000000000020e+01 2.665735000000000188e-01 1.404161999999999999e+01 1.252353467113179697e+01 1.221908999999999912e+00 8.290684574322684242e-01 1.000000000000000000e+00
1.284637999999999991e+01 1.637274999999999980e-01 1.405607000000000006e+01 1.273868357054738532e+01 1.276980000000000004e+00 8.913271554657691276e-01 1.000000000000000000e+00
1.286407999999999952e+01 1.438326000000000049e-01 1.412031999999999954e+01 1.266087905367458433e+01 1.203832999999999931e+00 9.442283537380243841e-01 1.000000000000000000e+00
1.281686999999999976e+01 1.519002999999999881e-01 1.406142000000000003e+01 1.227783095363178489e+01 1.291338000000000097e+00 8.211302804703596303e-01 1.000000000000000000e+00
1.283198999999999934e+01 2.594838999999999896e-01 1.400539999999999985e+01 1.254818965047819113e+01 1.248534000000000033e+00 7.922692599470707586e-01 1.000000000000000000e+00
1.291341000000000072e+01 3.250876999999999795e-01 1.405579000000000001e+01 1.275149941842757073e+01 1.240618999999999916e+00 9.360603960711456617e-01 1.000000000000000000e+00
1.286250000000000071e+01 2.223304000000000114e-01 1.404684999999999917e+01 1.268567677254627846e+01 1.307347000000000037e+00 8.946338887090173886e-01 1.000000000000000000e+00
1.297104999999999997e+01 4.033956000000000208e-01 1.409589000000000070e+01 1.283445572512040833e+01 1.203799000000000063e+00 1.000000000000000000e+00 1.000000000000000000e+00
1.296809999999999974e+01 4.037040000000000073e-01 1.408299000000000056e+01 1.283240052772866768e+01 1.206619000000000108e+00 9.949091278402244498e-01 1.000000000000000000e+00
1.285491000000000028e+01 1.442695999999999978e-01 1.408333000000000013e+01 1.252388330797251292e+01 1.277703000000000033e+00 9.149389442817481566e-01 1.000000000000000000e+00
1.286497999999999919e+01 2.817918999999999841e-01 1.404190000000000005e+01 1.258935976007986746e+01 1.364265000000000061e+00 8.607949974724401487e-01 1.000000000000000000e+00
1.281919000000000075e+01 1.086580999999999936e-01 1.404118000000000066e+01 1.265912372316647705e+01 1.221718000000000082e+00 8.411562867080043526e-01 1.000000000000000000e+00
1.294365999999999950e+01 3.817999999999999727e-01 1.409787999999999997e+01 1.263014057448745220e+01 1.241686999999999985e+00 9.562895794037129527e-01 1.000000000000000000e+00
1.289147999999999961e+01 2.809719999999999995e-01 1.410145999999999944e+01 1.226979648581614946e+01 1.275743999999999989e+00 9.188857671336924104e-01 1.000000000000000000e+00
1.292356000000000016e+01 3.102611000000000119e-01 1.409777000000000058e+01 1.282048004537358032e+01 1.219592000000000009e+00 9.853372955619015272e-01 1.000000000000000000e+00
1.287801999999999936e+01 1.672037000000000107e-01 1.413200999999999929e+01 1.260326228692514583e+01 1.247865000000000002e+00 9.712572221150566065e-01 1.000000000000000000e+00
1.286336999999999975e+01 1.856435999999999920e-01 1.409188999999999936e+01 1.268520752352275238e+01 1.265541999999999945e+00 9.238107753463742355e-01 1.000000000000000000e+00
1.287801999999999936e+01 1.923281000000000018e-01 1.411185000000000045e+01 1.264979394497416010e+01 1.205526000000000098e+00 9.522320690437944268e-01 1.000000000000000000e+00
1.293932000000000038e+01 3.591077999999999770e-01 1.410885999999999996e+01 1.274282286438698542e+01 1.108770999999999951e+00 9.658196726162057155e-01 1.000000000000000000e+00
1.292285000000000039e+01 3.329330999999999818e-01 1.409033999999999942e+01 1.237037005099080034e+01 1.307698000000000027e+00 9.500662094579541694e-01 1.000000000000000000e+00
1.297354999999999947e+01 3.762052000000000174e-01 1.413589999999999947e+01 1.255274907736127332e+01 1.306626999999999983e+00 1.000000000000000000e+00 1.000000000000000000e+00
1.277954000000000079e+01 1.774243000000000001e-03 1.402257999999999960e+01 1.231272629352491776e+01 1.353858999999999924e+00 7.726663044255372981e-01 1.000000000000000000e+00
1.281277000000000044e+01 1.651492999999999989e-01 1.403410000000000046e+01 1.254984522414904369e+01 1.246993999999999936e+00 8.061575133801092141e-01 1.000000000000000000e+00
1.288424000000000014e+01 2.552963999999999789e-01 1.409791000000000061e+01 1.231690453681067332e+01 1.363917000000000046e+00 9.274897694057997466e-01 1.000000000000000000e+00
1.290386999999999951e+01 2.306941000000000130e-01 1.415311999999999948e+01 1.255292403453209538e+01 1.245339999999999892e+00 1.000000000000000000e+00 1.000000000000000000e+00
1.282793000000000028e+01 1.668493000000000059e-01 1.403842000000000034e+01 1.261865592164903305e+01 1.288628000000000107e+00 8.421660123344267834e-01 1.000000000000000000e+00
1.293201999999999963e+01 2.797408000000000117e-01 1.413770000000000060e+01 1.268760408582094001e+01 1.261700000000000044e+00 1.000000000000000000e+00 1.000000000000000000e+00
1.283460000000000001e+01 2.742221000000000242e-01 1.402181999999999995e+01 1.235784426737088637e+01 1.312878999999999907e+00 7.909737843253856759e-01 1.000000000000000000e+00
1.295270000000000010e+01 3.493013999999999841e-01 1.412893000000000043e+01 1.219954828829293980e+01 1.331844000000000028e+00 1.000000000000000000e+00 1.000000000000000000e+00
1.282147999999999932e+01 1.382778000000000063e-01 1.403335000000000043e+01 1.256252368178862433e+01 1.359641000000000099e+00 8.402712705171858643e-01 1.000000000000000000e+00
1.292788000000000004e+01 3.307791999999999955e-01 1.409200000000000053e+01 1.270888184851032499e+01 1.330484000000000000e+00 9.772881905833756822e-01 1.000000000000000000e+00
1.283821000000000012e+01 2.228849999999999998e-01 1.401966000000000001e+01 1.260181422146021113e+01 1.292850999999999972e+00 8.324684166475387892e-01 1.000000000000000000e+00
1.284957999999999956e+01 2.671399999999999886e-01 1.402607000000000070e+01 1.262856133431842842e+01 1.202874999999999917e+00 8.267832384044011551e-01 1.000000000000000000e+00
1.295439000000000007e+01 3.312341999999999786e-01 1.417989000000000033e+01 1.252725254462752957e+01 1.152339999999999920e+00 1.000000000000000000e+00 1.000000000000000000e+00
1.292337000000000025e+01 3.232912000000000008e-01 1.408437999999999946e+01 1.280712316662634187e+01 1.189688999999999997e+00 9.671589703738656674e-01 1.000000000000000000e+00
1.285843000000000025e+01 1.975127000000000133e-01 1.409318999999999988e+01 1.244854803919075614e+01 1.262836999999999987e+00 8.980621398323778148e-01 1.000000000000000000e+00
1.277211999999999925e+01 5.942002999999999868e-02 1.398640999999999934e+01 1.246313169866462189e+01 1.314859000000000000e+00 7.466338847772171494e-01 1.000000000000000000e+00
1.282970000000000077e+01 1.662337999999999871e-01 1.404817000000000071e+01 1.272508883994342277e+01 1.228684000000000109e+00 8.493753373936866469e-01 1.000000000000000000e+00
1.296424999999999983e+01 3.898938000000000126e-01 1.411583000000000077e+01 1.267319140152168266e+01 1.296176999999999913e+00 1.000000000000000000e+00 1.000000000000000000e+00
1.282010000000000005e+01 1.703199999999999992e-01 1.402112999999999943e+01 1.274411454426088852e+01 1.226755999999999958e+00 8.234758290564169192e-01 1.000000000000000000e+00
1.299754000000000076e+01 4.322300000000000031e-01 1.411585000000000001e+01 1.271062487216486048e+01 1.212666000000000022e+00 1.000000000000000000e+00 1.000000000000000000e+00
1.289728000000000030e+01 2.706963000000000008e-01 1.410787999999999975e+01 1.259122043921389533e+01 1.245403999999999956e+00 9.477349028592818581e-01 1.000000000000000000e+00
1.296125999999999934e+01 3.272897000000000167e-01 1.414231000000000016e+01 1.270327869108654539e+01 1.274132000000000042e+00 1.000000000000000000e+00 1.000000000000000000e+00
1.290238000000000085e+01 2.571366999999999958e-01 1.414093000000000089e+01 1.243811705173022553e+01 1.196164999999999923e+00 9.677509229646408251e-01 1.000000000000000000e+00
1.280358999999999980e+01 9.727049000000000112e-02 1.404748999999999981e+01 1.238756527373552707e+01 1.311374999999999957e+00 8.109662463874190985e-01 1.000000000000000000e+00
1.283019999999999960e+01 2.447131999999999918e-01 1.401107999999999976e+01 1.257616948457049943e+01 1.229103999999999974e+00 7.981102361573702009e-01 1.000000000000000000e+00
1.283741000000000021e+01 1.870102999999999904e-01 1.407585000000000086e+01 1.206557954635160179e+01 1.340511999999999926e+00 8.528903205172777557e-01 1.000000000000000000e+00
1.281420999999999921e+01 1.319172999999999873e-01 1.404709000000000074e+01 1.251420260528094275e+01 1.340046999999999988e+00 8.281161502941816188e-01 1.000000000000000000e+00
1.297090999999999994e+01 4.071614000000000066e-01 1.407893999999999934e+01 1.274301303722951495e+01 1.300133999999999901e+00 9.979541819509265554e-01 1.000000000000000000e+00
1.281203000000000003e+01 9.990018999999999982e-02 1.406104999999999983e+01 1.228666039515621478e+01 1.329471999999999987e+00 8.294548526637777197e-01 1.000000000000000000e+00
1.291128999999999927e+01 3.101303000000000254e-01 1.405813000000000024e+01 1.280440016455718144e+01 1.241794999999999982e+00 9.476837683050467476e-01 1.000000000000000000e+00
1.288612000000000002e+01 3.043498000000000037e-01 1.407292999999999950e+01 1.270116763878087518e+01 1.183027999999999968e+00 8.894749637092179695e-01 1.000000000000000000e+00
1.293948999999999927e+01 3.365219999999999878e-01 1.413847999999999949e+01 1.214142597059465523e+01 1.258899999999999908e+00 9.905863072514926593e-01 1.000000000000000000e+00
1.290609000000000073e+01 2.692251999999999978e-01 1.411429000000000045e+01 1.269013291687431888e+01 1.232328000000000090e+00 9.744554706212505968e-01 1.000000000000000000e+00
1.296077000000000012e+01 3.972801999999999722e-01 1.407469999999999999e+01 1.288230348326090180e+01 1.159151000000000042e+00 9.825275733838894077e-01 1.000000000000000000e+00
1.294843999999999973e+01 3.796622000000000052e-01 1.409272999999999954e+01 1.264816241881265135e+01 1.216180000000000039e+00 9.672807965476457603e-01 1.000000000000000000e+00
1.282563999999999993e+01 1.681242000000000014e-01 1.404063999999999979e+01 1.254516460445284487e+01 1.278232999999999953e+00 8.339705337254794681e-01 1.000000000000000000e+00
1.288026999999999944e+01 2.491576000000000068e-01 1.406744999999999912e+01 1.268681205174843818e+01 1.233578999999999981e+00 9.175180964483921064e-01 1.000000000000000000e+00
1.297748999999999953e+01 3.829366000000000159e-01 1.413429999999999964e+01 1.283782710802975657e+01 1.150187000000000070e+00 1.000000000000000000e+00 1.000000000000000000e+00
1.284773999999999994e+01 2.244799000000000100e-01 1.406828999999999930e+01 1.231339211977357451e+01 1.298083000000000098e+00 8.545841411335217686e-01 1.000000000000000000e+00
1.292160999999999937e+01 3.214367000000000196e-01 1.414156000000000013e+01 1.237353606253900473e+01 1.224804999999999922e+00 9.632642058203220170e-01 1.000000000000000000e+00
1.287750999999999912e+01 2.615670999999999968e-01 1.408793000000000006e+01 1.249380755848569535e+01 1.249041999999999986e+00 9.014467259867861015e-01 1.000000000000000000e+00
1.292773000000000039e+01 3.084442000000000017e-01 1.411926000000000059e+01 1.268410560556087141e+01 1.254323999999999995e+00 9.974605283653555921e-01 1.000000000000000000e+00
1.283383000000000074e+01 9.227588999999999930e-02 1.408516000000000012e+01 1.233899572120953714e+01 1.290477000000000096e+00 8.806380159088625925e-01 1.000000000000000000e+00
1.279692999999999969e+01 1.857482000000000022e-01 1.400863000000000014e+01 1.231654066095740596e+01 1.325474000000000041e+00 7.613208746589729126e-01 1.000000000000000000e+00
1.294388999999999967e+01 3.645752999999999910e-01 1.413369999999999926e+01 1.239431817936893232e+01 1.244529999999999914e+00 9.757674514227862028e-01 1.000000000000000000e+00
1.290386999999999951e+01 2.306941000000000130e-01 1.415311999999999948e+01 1.255292403453209538e+01 1.245339999999999892e+00 1.000000000000000000e+00 1.000000000000000000e+00
1.281030999999999942e+01 1.094741000000000047e-01 1.403636000000000017e+01 1.262793809645477694e+01 1.301396999999999915e+00 8.259235096939903098e-01 1.000000000000000000e+00
1.290848000000000084e+01 2.753963999999999857e-01 1.410510999999999981e+01 1.267419600423973236e+01 1.304435999999999929e+00 9.780013926390617174e-01 1.000000000000000000e+00
1.294956999999999958e+01 3.637321000000000026e-01 1.412062000000000062e+01 1.261986633223397192e+01 1.213918000000000053e+00 9.918776270775089277e-01 1.000000000000000000e+00
1.280917999999999957e+01 1.999502999999999975e-01 1.401612000000000080e+01 1.256560940790749115e+01 1.295137999999999900e+00 7.849607174273721677e-01 1.000000000000000000e+00
1.279806999999999917e+01 1.294189000000000034e-01 1.400181000000000076e+01 1.266643849441550707e+01 1.256383999999999945e+00 7.881122690294912747e-01 1.000000000000000000e+00
1.292670999999999992e+01 2.824447999999999959e-01 1.414808000000000021e+01 1.282554878518523900e+01 1.099466000000000054e+00 1.000000000000000000e+00 1.000000000000000000e+00
1.284972999999999921e+01 2.366639000000000104e-01 1.406413000000000046e+01 1.215487449280941767e+01 1.388760999999999912e+00 8.545171784195132458e-01 1.000000000000000000e+00
1.286965000000000003e+01 2.242948999999999915e-01 1.408042000000000016e+01 1.252729834657479202e+01 1.231303000000000036e+00 9.051191775343434553e-01 1.000000000000000000e+00
1.287362000000000073e+01 3.223711000000000215e-01 1.404864000000000068e+01 1.237685064041449579e+01 1.337544999999999984e+00 8.433756293274744520e-01 1.000000000000000000e+00
1.295786000000000016e+01 3.567147999999999985e-01 1.412908999999999970e+01 1.236309687615919195e+01 1.374527000000000054e+00 1.000000000000000000e+00 1.000000000000000000e+00
1.287747000000000064e+01 2.049440999999999902e-01 1.412719000000000058e+01 1.241121334165038981e+01 1.283271999999999968e+00 9.462086570818819542e-01 1.000000000000000000e+00
1.293952999999999953e+01 3.878126000000000073e-01 1.407795999999999914e+01 1.276809967762877918e+01 1.223608000000000029e+00 9.410886902661543818e-01 1.000000000000000000e+00
1.291200000000000081e+01 3.359456000000000109e-01 1.406953000000000031e+01 1.274786697968042049e+01 1.219170000000000087e+00 9.249575935326233012e-01 1.000000000000000000e+00
1.282353999999999949e+01 2.079210999999999976e-01 1.401493999999999929e+01 1.264857163302722398e+01 1.267857000000000012e+00 8.103048612128405104e-01 1.000000000000000000e+00
1.286978000000000044e+01 2.202015999999999973e-01 1.409375000000000000e+01 1.236948000131274661e+01 1.280634000000000050e+00 9.105290254946328821e-01 1.000000000000000000e+00
1.281551999999999936e+01 8.482240000000000613e-02 1.405152999999999963e+01 1.234977804879227747e+01 1.357402999999999915e+00 8.406487550982900681e-01 1.000000000000000000e+00
1.283797000000000033e+01 2.283254000000000117e-01 1.405077999999999960e+01 1.257310298079958244e+01 1.247560999999999920e+00 8.322164060359666937e-01 1.000000000000000000e+00
1.285336999999999996e+01 1.951362000000000096e-01 1.408608000000000082e+01 1.265661244191505119e+01 1.209481000000000028e+00 8.899529201644735821e-01 1.000000000000000000e+00
1.293365000000000009e+01 3.331210000000000004e-01 1.410993999999999993e+01 1.264843862855244438e+01 1.192855999999999916e+00 9.802474938812056893e-01 1.000000000000000000e+00
1.296504999999999974e+01 4.208676000000000084e-01 1.408389000000000024e+01 1.273564945855003216e+01 1.227926999999999991e+00 9.641499827502838516e-01 1.000000000000000000e+00
1.292638999999999960e+01 3.461436999999999986e-01 1.408758000000000088e+01 1.277267254349756698e+01 1.255586000000000091e+00 9.565840556979745557e-01 1.000000000000000000e+00
1.285993000000000031e+01 1.381149000000000127e-01 1.410974000000000039e+01 1.244763064058292734e+01 1.313973999999999975e+00 9.357955739425567465e-01 1.000000000000000000e+00
1.291666000000000025e+01 2.961680999999999897e-01 1.413997999999999955e+01 1.261135669821224070e+01 1.175300999999999929e+00 9.757457987041762149e-01 1.000000000000000000e+00
1.283356999999999992e+01 1.725579999999999892e-01 1.406428999999999974e+01 1.249211587027499881e+01 1.339998000000000022e+00 8.563470426369947930e-01 1.000000000000000000e+00
1.289167999999999914e+01 3.280681999999999765e-01 1.406774000000000058e+01 1.250375633403278464e+01 1.256409000000000109e+00 8.790253929862735793e-01 1.000000000000000000e+00
1.293756999999999913e+01 3.890972999999999793e-01 1.406762999999999941e+01 1.277248499658633207e+01 1.155337000000000058e+00 9.283324244251205393e-01 1.000000000000000000e+00
1.288430999999999926e+01 3.139893000000000267e-01 1.405771000000000015e+01 1.259820675861063322e+01 1.206477999999999939e+00 8.718353776774204755e-01 1.000000000000000000e+00
1.289869999999999983e+01 3.036931999999999965e-01 1.407972999999999963e+01 1.278307672205177070e+01 1.213861999999999997e+00 9.259912889227648325e-01 1.000000000000000000e+00
1.293094999999999928e+01 3.966894999999999727e-01 1.405584999999999951e+01 1.247386725373418237e+01 1.299689000000000094e+00 9.008101913033979002e-01 1.000000000000000000e+00
1.293884000000000079e+01 3.783822000000000019e-01 1.408758000000000088e+01 1.244889977706286643e+01 1.285118999999999900e+00 9.431667802802766731e-01 1.000000000000000000e+00
1.295772999999999975e+01 3.318400000000000238e-01 1.414868000000000059e+01 1.277113243081700666e+01 1.198361000000000010e+00 1.000000000000000000e+00 1.000000000000000000e+00
1.294095000000000084e+01 3.900365000000000082e-01 1.406372000000000000e+01 1.273663242052531963e+01 1.301685999999999899e+00 9.419886201373109946e-01 1.000000000000000000e+00
1.297104999999999997e+01 3.643486000000000224e-01 1.413758999999999943e+01 1.266785670294646593e+01 1.264046000000000003e+00 1.000000000000000000e+00 1.000000000000000000e+00
1.289522000000000013e+01 2.776178000000000257e-01 1.407122000000000028e+01 1.272860600382185048e+01 1.294122999999999912e+00 9.387716858827727107e-01 1.000000000000000000e+00
1.282413000000000025e+01 2.194000000000000117e-01 1.399544999999999995e+01 1.264729913775413372e+01 1.260270999999999919e+00 8.009743855385740297e-01 1.000000000000000000e+00
1.289279999999999937e+01 2.665802999999999923e-01 1.408797000000000033e+01 1.256241027895034357e+01 1.274664000000000019e+00 9.367545348913260961e-01 1.000000000000000000e+00
1.282590000000000074e+01 2.157701999999999953e-01 1.404987000000000030e+01 1.227543902647631846e+01 1.287455999999999934e+00 8.091589414891584564e-01 1.000000000000000000e+00
1.287945000000000029e+01 2.201376999999999917e-01 1.409379999999999988e+01 1.273946273300541776e+01 1.191756999999999955e+00 9.393859992670936521e-01 1.000000000000000000e+00
1.292824000000000062e+01 3.009737000000000107e-01 1.416253999999999991e+01 1.241183371506652300e+01 1.226355000000000084e+00 1.000000000000000000e+00 1.000000000000000000e+00
1.281121000000000087e+01 1.354934000000000138e-01 1.404656999999999911e+01 1.242263078929802411e+01 1.318746999999999892e+00 8.169801169981814049e-01 1.000000000000000000e+00
1.299423999999999957e+01 4.190514000000000183e-01 1.414615000000000045e+01 1.217498789913421753e+01 1.312267000000000072e+00 1.000000000000000000e+00 1.000000000000000000e+00
1.284338999999999942e+01 2.004509999999999903e-01 1.403966999999999921e+01 1.265779669687954900e+01 1.213924999999999921e+00 8.560700636184324086e-01 1.000000000000000000e+00
1.285975999999999964e+01 2.595995999999999859e-01 1.402149999999999963e+01 1.270362120902971448e+01 1.300750000000000073e+00 8.609003104487987779e-01 1.000000000000000000e+00
1.283507999999999960e+01 1.742402999999999869e-01 1.403913999999999973e+01 1.268616759460612187e+01 1.292491999999999974e+00 8.573025461153390703e-01 1.000000000000000000e+00
1.284936000000000078e+01 1.639340999999999993e-01 1.408508999999999922e+01 1.268003532648568488e+01 1.241708999999999952e+00 8.988648607117749600e-01 1.000000000000000000e+00
1.295687000000000033e+01 3.692057000000000255e-01 1.410804000000000080e+01 1.248500478069221309e+01 1.327102999999999922e+00 1.000000000000000000e+00 1.000000000000000000e+00
1.283891999999999989e+01 8.761845000000000050e-02 1.409991999999999912e+01 1.245782171856152942e+01 1.272451999999999916e+00 8.979054290225579882e-01 1.000000000000000000e+00
1.289335999999999949e+01 2.370532999999999946e-01 1.414451000000000036e+01 1.235263801798320493e+01 1.233236999999999917e+00 9.623950043268857391e-01 1.000000000000000000e+00
1.292674000000000056e+01 3.415983000000000214e-01 1.411649000000000065e+01 1.238873136786207674e+01 1.257136000000000031e+00 9.542128340761254490e-01 1.000000000000000000e+00
1.280444999999999922e+01 1.830453999999999970e-01 1.402699999999999925e+01 1.227779797358973646e+01 1.318874000000000102e+00 7.793819820071171689e-01 1.000000000000000000e+00
1.292464999999999975e+01 3.240849000000000091e-01 1.409232000000000085e+01 1.264055945906505052e+01 1.273010999999999893e+00 9.689121053718462440e-01 1.000000000000000000e+00
1.281800999999999924e+01 2.025145999999999891e-01 1.399963999999999942e+01 1.257058512355190416e+01 1.291144000000000069e+00 7.966838430116551795e-01 1.000000000000000000e+00
1.289445000000000086e+01 2.728835000000000011e-01 1.410798999999999914e+01 1.262869561067940083e+01 1.182995999999999936e+00 9.358109533855998308e-01 1.000000000000000000e+00
1.287965999999999944e+01 2.985980999999999774e-01 1.406352000000000046e+01 1.256881349779019708e+01 1.332019999999999982e+00 8.824500599928285505e-01 1.000000000000000000e+00
1.293510000000000026e+01 3.402257000000000198e-01 1.408949999999999925e+01 1.259356311426497399e+01 1.248437999999999937e+00 9.742763855103754311e-01 1.000000000000000000e+00
1.287392999999999965e+01 2.599512999999999963e-01 1.405108000000000068e+01 1.282415826383800450e+01 1.213597000000000037e+00 8.991697649578863638e-01 1.000000000000000000e+00
1.290569999999999951e+01 2.975678999999999963e-01 1.410642999999999958e+01 1.207983223258058381e+01 1.397545999999999955e+00 9.465600678034353788e-01 1.000000000000000000e+00
1.283048999999999928e+01 1.340838000000000030e-01 1.404434000000000005e+01 1.251698693310681421e+01 1.329148999999999914e+00 8.594868219429540046e-01 1.000000000000000000e+00
1.293781000000000070e+01 3.886335000000000206e-01 1.407038000000000011e+01 1.280462543903403372e+01 1.160806999999999922e+00 9.323138404530670886e-01 1.000000000000000000e+00
1.293665999999999983e+01 3.656097999999999848e-01 1.409004999999999974e+01 1.270444977012520660e+01 1.238790999999999976e+00 9.576524192659172652e-01 1.000000000000000000e+00
1.293518000000000079e+01 3.279986999999999764e-01 1.410261999999999993e+01 1.269728016954349847e+01 1.191300999999999943e+00 9.892303396890129719e-01 1.000000000000000000e+00
1.291028000000000020e+01 2.917429999999999746e-01 1.412477999999999945e+01 1.245190229686892280e+01 1.208828000000000014e+00 9.580157012568054631e-01 1.000000000000000000e+00
1.293693000000000026e+01 2.993314999999999726e-01 1.411321000000000048e+01 1.284462791132767556e+01 1.193977999999999984e+00 1.000000000000000000e+00 1.000000000000000000e+00
1.294106000000000023e+01 3.311242999999999825e-01 1.413493000000000066e+01 1.248416893243336823e+01 1.311727000000000087e+00 1.000000000000000000e+00 1.000000000000000000e+00
1.301453000000000060e+01 4.470889000000000113e-01 1.414758999999999922e+01 1.272632997668443444e+01 1.163847999999999994e+00 1.000000000000000000e+00 1.000000000000000000e+00
1.296573000000000064e+01 3.521602999999999817e-01 1.413269999999999982e+01 1.276978774729293420e+01 1.241746000000000016e+00 1.000000000000000000e+00 1.000000000000000000e+00
1.288798000000000066e+01 3.026760000000000006e-01 1.406948000000000043e+01 1.249279281834158795e+01 1.266078000000000037e+00 8.917810947258434373e-01 1.000000000000000000e+00
1.289513999999999960e+01 2.816922000000000037e-01 1.408281000000000027e+01 1.263864286613313226e+01 1.254173999999999900e+00 9.313213196546089589e-01 1.000000000000000000e+00
1.287457000000000029e+01 2.704077999999999760e-01 1.405152999999999963e+01 1.274751882153325155e+01 1.254947999999999952e+00 8.917615063752853954e-01 1.000000000000000000e+00
1.285670999999999964e+01 2.018490000000000006e-01 1.408209000000000088e+01 1.273774753905330570e+01 1.203426000000000107e+00 8.966886926971804339e-01 1.000000000000000000e+00
1.293777000000000044e+01 3.412318999999999769e-01 1.408920999999999957e+01 1.270228132917108077e+01 1.211983000000000033e+00 9.817265236098572379e-01 1.000000000000000000e+00
1.296166999999999980e+01 3.628825999999999996e-01 1.415436000000000050e+01 1.281974914234285912e+01 1.083139999999999992e+00 1.000000000000000000e+00 1.000000000000000000e+00
1.285790000000000077e+01 1.819707000000000130e-01 1.410904999999999987e+01 1.248779174486388577e+01 1.224199000000000037e+00 9.060751950392105236e-01 1.000000000000000000e+00
1.278595999999999933e+01 1.501790000000000069e-01 1.398337000000000074e+01 1.256245967689731557e+01 1.249471999999999916e+00 7.506231510948268015e-01 1.000000000000000000e+00
1.291028999999999982e+01 2.959690999999999850e-01 1.408813999999999922e+01 1.250334656152405621e+01 1.336435000000000040e+00 9.575652889420761538e-01 1.000000000000000000e+00
1.287612999999999985e+01 2.695409000000000277e-01 1.408417999999999992e+01 1.244786956898991015e+01 1.347971999999999948e+00 8.980185348548956892e-01 1.000000000000000000e+00
1.279467999999999961e+01 1.269520000000000093e-01 1.401506999999999969e+01 1.255564418416832595e+01 1.300465999999999900e+00 7.833431904461825024e-01 1.000000000000000000e+00
1.290642000000000067e+01 2.931135000000000268e-01 1.411180000000000057e+01 1.274433782160958195e+01 1.207410000000000094e+00 9.567524360370943670e-01 1.000000000000000000e+00
1.293886000000000003e+01 3.304507999999999890e-01 1.412526000000000082e+01 1.254142890331660887e+01 1.315158000000000049e+00 1.000000000000000000e+00 1.000000000000000000e+00
1.283944999999999936e+01 2.607728999999999742e-01 1.401665999999999990e+01 1.262442385246282051e+01 1.312619999999999898e+00 8.152582426701863172e-01 1.000000000000000000e+00
1.299008000000000074e+01 4.062475999999999865e-01 1.414877000000000073e+01 1.277671779527827489e+01 1.110511999999999944e+00 1.000000000000000000e+00 1.000000000000000000e+00
1.294960000000000022e+01 3.944470999999999949e-01 1.407110999999999912e+01 1.276635127988707374e+01 1.278267000000000042e+00 9.591933947618535017e-01 1.000000000000000000e+00
1.290445000000000064e+01 3.094320999999999877e-01 1.406076000000000015e+01 1.264981034784786829e+01 1.284269000000000105e+00 9.279870188658567720e-01 1.000000000000000000e+00
1.296433999999999997e+01 3.955594000000000054e-01 1.408806000000000047e+01 1.258079240691690615e+01 1.270143000000000022e+00 9.883667572032968085e-01 1.000000000000000000e+00
1.279163999999999923e+01 1.678583999999999909e-01 1.399394000000000027e+01 1.238148375008036695e+01 1.367269999999999985e+00 7.586269507163336812e-01 1.000000000000000000e+00
1.289986000000000033e+01 3.386792000000000136e-01 1.406087999999999916e+01 1.253832948861797192e+01 1.271136000000000044e+00 8.883378650598861004e-01 1.000000000000000000e+00
1.292864999999999931e+01 3.478222000000000258e-01 1.408643999999999963e+01 1.262687080852442278e+01 1.229800000000000004e+00 9.510970640558713551e-01 1.000000000000000000e+00
1.287174000000000085e+01 2.555906000000000011e-01 1.405119000000000007e+01 1.253446148160048423e+01 1.294033999999999907e+00 8.885284049576996912e-01 1.000000000000000000e+00
1.294715000000000060e+01 3.727323000000000164e-01 1.409258999999999951e+01 1.264567931936332990e+01 1.302543000000000006e+00 9.776968465079490800e-01 1.000000000000000000e+00
1.279316999999999993e+01 1.410754999999999926e-01 1.401515000000000022e+01 1.251833518019793878e+01 1.266127000000000002e+00 7.730199375028451447e-01 1.000000000000000000e+00
1.293267999999999951e+01 2.915226000000000206e-01 1.415029999999999966e+01 1.252363757922493903e+01 1.264310999999999963e+00 1.000000000000000000e+00 1.000000000000000000e+00
1.281223999999999918e+01 7.735087000000000212e-02 1.404684999999999917e+01 1.265470289016164962e+01 1.272740999999999900e+00 8.385358858836919893e-01 1.000000000000000000e+00
1.293042999999999942e+01 3.486408999999999758e-01 1.410862000000000016e+01 1.269325337941530840e+01 1.137337000000000042e+00 9.548992165869629734e-01 1.000000000000000000e+00
1.292127999999999943e+01 3.193443000000000254e-01 1.411998999999999960e+01 1.247145146286879935e+01 1.206650999999999918e+00 9.600639198991600676e-01 1.000000000000000000e+00
1.297866999999999926e+01 4.151186000000000043e-01 1.413514999999999944e+01 1.273494262435049862e+01 1.140393999999999908e+00 1.000000000000000000e+00 1.000000000000000000e+00
1.293084999999999951e+01 3.782206000000000179e-01 1.407751999999999981e+01 1.235492384915373698e+01 1.294669999999999987e+00 9.209607567413681251e-01 1.000000000000000000e+00
1.294176000000000037e+01 3.366869000000000112e-01 1.408350000000000080e+01 1.287631485536394749e+01 1.206472999999999907e+00 1.000000000000000000e+00 1.000000000000000000e+00
